Clouds: 0.08695652
Palette: 6
Effects: HeatWave-0.1956522-158-142, Fog-0.1630435-30-30, 
PlacedObjects: SpinningFan><1223.796><297.9446><100~50~0.6847826~0.7347827~0.9782609, SpinningFan><1455><297><100~50~0.6195652~0.7347827~0.9782609, SpinningFan><986><293><100~50~0.5108696~0.7347827~0.9782609, SpinningFan><1279><1534><703~388~0.6956522~0.7347827~0.9782609, SpinningFan><1517><1539><650~304~0.9130435~0.7347827~0.9782609, SpinningFan><1759><1542><389~180~0.6521739~0.7347827~0.9782609, SpinningFan><2004><1543><100~50~0.5978261~0.7347827~0.9782609, 
FadePalette: 20, 0.3043478, 0.3043478, 0.3043478, 0.2608696, 0.2173913, 0.2173913, 0.2065217, 0.2065217, 0.2065217
