DangerType: Flood
WaveAmplitude: 0.2173913
SecondWaveAmplitude: 0
Clouds: 0.1086956
Grime: 0
Palette: 13
EffectColorA: 12
Effects: Fog-1-268-79, SkyAndLightBloom-0.1956522-273-115, ElectricDeath-0.1086956-280-27, GreenSparks-0.03866627-20-20, WaterFluxMinLevel-0.1413043-30-30, WaterFluxMaxLevel-0.1521739-40-40, BrokenZeroG-0.2717391-280-142, 
PlacedObjects: LightningMachine><1570.189><1823.435><50~-2.185569E-06~0~0~122~158.6025~121~-45~0.03478274~0~0~0.4413041~1~0.7022845~0.283172~0.2391304~0~0.3586957~1~1~1, LightningMachine><1569.983><1823.301><50~-2.185569E-06~0~0~244~79.60254~242~-84~0.03478274~0~0~0.4413041~1~0.7022845~0.283172~0.2391304~0~0.3586957~1~1~1, LightningMachine><1569.843><1823.624><50~-2.185569E-06~0~0~-19~98.60254~-17~-105~0.03478274~0~0~0.4413041~1~0.7022845~0.283172~0.2391304~0~0.3586957~1~1~1, LightningMachine><1570.064><1823.311><50~-2.185569E-06~0~0~-137~115.6025~-140~-63~0.08913057~0~0~0.4630432~1~0.7240236~0.3049111~0.2391304~0~0.4891304~1~1~1, LightningMachine><564.5932><1079.677><-683.9855~13.99786~0~0~156~-90.39746~-83~-89~0.03478258~0~0~0.2254722~1~0.3~0~0.2391304~0~0.3369525~1~1~1, LightningMachine><564.6016><1079.328><-684.0918~14.91174~0~0~113~9.602539~-226~11~0.1652174~0~0~0.2254728~1~0.3~0~0.2391304~0~0.3369532~1~1~1, LightningMachine><564.688><1079.568><-683~14~0~0~154~151.6025~-63~151~0.03478258~0~0~0.2254728~1~0.3~0~0.2391304~0~0.3369532~1~1~1, LightningMachine><564.6992><1079.517><-683~13~0~0~100~271.6025~-144~272~0.07198815~0~0~0.2950721~0.9782609~0.3386662~0.02173913~0.2391304~0~0.3601529~1~1~1, LightSource><2790.301><1361.974><0.07134147~Environment~-499~-335~-100~-287.3975~1~1~None~0~0, LightSource><2728.582><1220.77><0.1514773~Environment~-603~-352~-38~-263.3975~1~0~None~0~0, LightSource><1581.324><1808.058><0.06484587~Environment~-709~429~-37.90759~-323.4266~1~1~None~0~0, LightSource><1420.755><2095.973><0.06521739~Environment~-241~-463~-297~-228.3975~1~1~None~0~0, LightSource><2472.427><1149.791><0.2295068~EffectColor1~-8~-1~50~86.60254~0~1~Flash~0.76~0, LightSource><2472.101><1149.003><0.2707267~EffectColor1~-111~82~-206.9757~84.55011~0~1~Flash~0.76~0, LightSource><576.051><1052.27><0.06527776~Environment~-727~442~-268~-247.3975~1~1~None~0~0, LightSource><397.449><1418.481><0.09782609~Environment~478~-424~-191~-199.3975~1~1~None~0~0, LightFixture><1039.534><597.6897><RedSubmersible~17.32051~-10~0, LightFixture><1591.493><1.699898><RedSubmersible~17.32051~-10~45, WallMycelia><1444.827><696.9036><-35~67, 
AmbientSounds: SPOT><SO_IND-Turbine.ogg><796.9593><9.554169><0.4565217><1.03913><2567.959><1123.554><101.6447><-5.355347><0><0.2630436, SPOT><SO_IND-WeirdVent.ogg><822.2985><453.194><0.5760869><0.1782609><3038.298><1110.194><-171.3553><-4.355347><0><0.8173915, SPOT><SO_IND-HeatDuct.ogg><630.9261><450.6859><0.5760869><1><2306.927><1117.686><-86.35535><-9.355347><0><0.1869567, SPOT><SO_IND-HeatDuct.ogg><633.3235><338.8441><0.5><0.9021739><1194.323><2153.845><138.6447><-302.3553><0><0.5565219, SPOT><SO_IND-Humm.ogg><817.4737><342.8017><0.5326087><1><1164.464><2108.796><130.6447><-275.3553><0><0.328261, SPOT><SO_IND-NoiseMech.ogg><638.1845><228.4228><0.4891304><1><1843.185><2216.422><-291.3553><-236.3553><0><1, SPOT><SO_IND-NoiseMech.ogg><448.45><528.9981><0.5543478><1><-146.5501><732.9881><353.6447><162.6447><0.173913><0.7413045, SPOT><SO_SFX-DeepLake.ogg><459.7287><414.4489><0.2934783><1><1506.729><62.44885><640.6447><499.6447><0><0.078261, SPOT><SO_WAT-OpenFlow.ogg><462.2143><302.9468><0.5><1><1652.281><73.88283><203.6447><157.6447><0><0.2739132, SPOT><SO_SFX-DataTrans2.ogg><456.4399><204.4373><0.5><0.5891304><460.4384><1129.438><572.6447><46.64465><0><0.1, SPOT><SO_SFX-DataTones.ogg><627.5776><120.0657><0.4021739><0.1586957><1610.564><1938.11><803.6447><77.64465><0><1, 
FadePalette: 35, 0.7608696, 0.8152174, 1, 0.8043478
