Template: MS_SettingsTemplate_Aerie
DangerType: Rain
RainIntensity: 1
RumbleIntensity: 1
WaveSpeed: 0.5000028
WaveLength: 0.9999986
WaveAmplitude: 2.499922E-07
SecondWaveLength: 0.1666667
SecondWaveAmplitude: 0
Palette: 35
EffectColorA: 11
EffectColorB: 8
Effects: Fog-0.5869565-20-20, 
PlacedObjects: CustomDecal><233.4656><79.94702><-56~744~675~756~696~40~-159~109~0.01086957~1~0~Rust2~0.3369565~1~0.3369565~1~0.3369565~1~0.3369565~1, 
FadePalette: 45, 0.08695652, 0.1413043, 0.2173913
