DangerType: Flood
Clouds: 0
Grime: 0.1195652
Palette: 35
EffectColorB: 21
Effects: Darkness-0.07608695-272-65, Fog-0.4782609-274-186, LightBurn-0.02990258-275-9, BrokenZeroG-0.1195652-274-121, ElectricDeath-0.01086957-7.491653-147.2667, WaterFluxMaxLevel-0.2551971-20-20, WaterFluxMinLevel-0.255197-30-30, 
PlacedObjects: JellyFish><1089.685><294.7005><0~0~2~3, JellyFish><1314.658><299.603><0~0~2~3, JellyFish><2925.83><293.326><0~0~2~3, JellyFish><2475.703><289.3998><0~0~2~3, JellyFish><2623.906><294.3854><0~0~2~3, DangleFruit><498.2405><482.3002><0~0~2~3, DangleFruit><457.0541><523.5399><0~0~2~3, DangleFruit><1371.053><535.7039><0~0~2~3, DangleFruit><1836.481><564.7144><0~0~2~3, DangleFruit><1862.051><534.7772><0~0~2~3, LightSource><2455.188><346.3173><0.1831479~Environment~609~277~50~86.60254~1~0~None~0~0, LightSource><469.9762><448.4366><0.1630435~Environment~1173~-467~70.84299~-301.3766~1~0~None~0~0, LightSource><3338.085><384.1378><0.2282609~Environment~481~121~50~86.60254~1~0~None~0~0, VoidSpawnEgg><774.9327><394.1442><0~0~2~3~0, 
FadePalette: 45, 0.4565217, 0.4565217, 0.4565217, 0.4565217
