Template: MS_SettingsTemplate_Sewers
WaveSpeed: 0.5871452
WaveLength: 0.9564274
WaveAmplitude: 2.26919E-10
SecondWaveLength: 0.1666667
SecondWaveAmplitude: 0
Clouds: 0.75
Palette: 45
EffectColorA: 2
EffectColorB: 7
Effects: BrokenZeroG-0.01086957-25-138, 
PlacedObjects: LightFixture><716.3643><459.8284><RedLight~17.32051~-10~64, LightFixture><242.4085><447.7266><RedLight~17.32051~-10~0, 
FadePalette: 35, 0.5108696
