Template: GW_SettingsTemplate_Inside
BkgDroneVolume: 0.2769565
Palette: 9
EffectColorA: 8
EffectColorB: 12
Effects: WaterViscosity-0.1524345-20-76, SilenceWater-0.3194746-287-18, WaterDepth-0.03428434-23-129, 
AmbientSounds: OMNI><waterGurgleLOOP1.wav><346.6298><559.3569><0.2646514><0.5891304, SPOT><AM_IND-Utility02.ogg><666.6594><528.8708><0.3804348><1><-163.3406><713.8708><-158.3553><-74.35535><0><0.6326088, SPOT><AM_IND-Utility04.ogg><853.212><526.0536><0.3478261><1><496.212><-42.94641><-112.3553><-77.35535><0><0.5673915, SPOT><SO_WAT-RunningWater.ogg><805.0428><84.28621><0.3586957><0.6282609><548.8647><247.0862><-136.3553><-7.355347><0><0.2304349, SPOT><SO_WAT-OpenFlow.ogg><460.1591><88.2034><0.4021739><0.5108696><550.4632><411.8034><-62.35535><-91.35535><0><0.2956523, OMNI><SO_WAT-OpenFlow.ogg><218.0052><370.5635><0.4755548><0.9217392, OMNI><SO_WAT-Splashes.ogg><98.45612><473.6044><0.2448029><0.8434783, SPOT><AM_IND-Utility02.ogg><669.1323><340.1><0.5><1><152.1323><1253.1><-103.3553><-201.3553><0><0.6108697, SPOT><SO_IND-HeatDuct.ogg><829.0439><72.84076><0.5><1><1037.37><973.1519><-233.3553><-90.35535><0><1, SPOT><SO_IND-Generator.ogg><401.5817><444.2266><0.4565217><1><468.6463><684.671><-272.3553><-300.3553><0><0.578261, 
FadePalette: 8, 0.1461618, 0.1384286
