Clouds: 0.7391304
Grime: 0.2608696
EffectColorA: 0
EffectColorB: 21
Effects: Beetle-0.1195652-150-118, DayNight-1-59-135, 
PlacedObjects: LanternOnStick><1053.36><210.667><-12~-91, DeadTokenStalk><750.0314><715.8024><-4~41, DeadTokenStalk><828.1049><693.6124><16~37, DeadTokenStalk><875.3644><685.853><-32~45, CustomDecal><682.2218><111.198><6~122~137~124~136~-3~-187~275~0.3152174~0.5760869~0~ncrfalseShelter~0.4456522~0.4891304~0.4456522~0.4891304~0.4456522~0.4891304~0.4456522~0.4891304, BrokenShelterWaterLevel><460.109><149.5823><, CustomDecal><383.4603><60.80397><-7~68~722~79~726~11~353~-300~0.3043478~0.6304348~0~dirtywaterline~0.5217391~1~0.5217391~1~0.5217391~1~0.5217391~1, CustomDecal><468.6538><133.3721><-124~201~367~196~344~-48~-265~195~0.1521739~0.6413044~0~rust2~0.6086956~1~0.6086956~1~0.6086956~1~0.6086956~1, CustomDecal><953><99><79~207~-303~195~-167~-39~53~-326~0.1521739~0.6413044~0~rust2~0.4782609~1~0.4782609~1~0.4782609~1~0.4782609~1, CustomDecal><544><623><-56~155~396~139~276~-624~-352~-279~0.3369565~0.5978261~0~rust2~0.4782609~0.75~0.4782609~0.75~0.4782609~0.75~0.4782609~0.75, InsectGroup><1234.196><233.8075><-252~46~-204~460~StandardFly~0.326087, DayNightSettings><253.1><409.8677><5~8.660254~23~10, InsectGroup><724.4474><178.193><-224~-1~0~0~Ant~0.5, LanternOnStick><420><203><8~-119, LanternOnStick><269><180><-47~-129, 
FadePalette: 9, 0.2391304
