RainIntensity: 1
Clouds: 0.4456522
Grime: 0.1521739
Palette: 35
Effects: Fog-0.4782609-7-23, 
PlacedObjects: InsectGroup><430.3835><998.6163><170.0385~97.15555~0~0~StandardFly~0.159737, 
AmbientSounds: OMNI><AM_WAT-Sea01.ogg><822.1245><562.5935><0.01086957><0.1, OMNI><SO_SFX-Doomsday.ogg><656.658><613.3112><0.5><0.6380841, SPOT><SO_IND-WinFan.ogg><728.9357><292.9888><0.2602692><0.7216029><363.0117><1091.5><55.7113><-87.26645><0><0.3087974, SPOT><AM_WIN-HowlingWnd.ogg><760.1605><548.741><0.4690671><0.5684845><557.1605><1205.741><-149.1887><-521.0443><0><1, 
FadePalette: 45, 0.5720901, 0.6019927
