RainIntensity: 1
Clouds: 0.4456522
Grime: 0.1521739
Palette: 35
Effects: Fog-0.4782609-7-23, 
AmbientSounds: OMNI><AM_WAT-Sea01.ogg><822.1245><562.5935><0.01086957><0.1, 
FadePalette: 6, 0.2608696, 0.173913
