Grime: 0.4565217
FadePalette: 10, 0.3152174, 0.3478261, 0.3913043, 0.4456522, 0.4891304
